PROCESS ID	ARRIVAL TIME	END TIME
        70         0        37
         4        37        41
        49        41        48
        31        48        68
        49        68        82
        74        82       100
        93       100       138
        22       138       175
        74       175       190
        84       190       217
        98       217       253
        64       253       259
        13       259       299
         2       299       341
        26       341       377
        49       377       384
        54       384       434
        79       434       477
        19       477       503
        20       503       536
         4       536       581
        50       581       615
        69       615       663
         5       663       665
        60       665       713
        48       713       751
        29       751       777
        85       777       822
        86       822       837
        47       837       851
        56       851       886
        96       886       928
        78       928       931
        32       931       950
        92       950       957
        95       957       986
        24       986      1033
        89      1033      1063
        10      1063      1068
        34      1068      1073
        75      1073      1117
        36      1117      1142
        44      1142      1151
        68      1151      1155
        99      1155      1182
        39      1182      1187
        18      1187      1227
        41      1227      1236
        67      1236      1237
        53      1237      1266
        37      1266      1291
        63      1291      1337
        42      1337      1380
        51      1380      1429
        80      1429      1445
        27      1445      1486
        83      1486      1525
         9      1525      1566
        90      1566      1597
        11      1597      1642
        45      1642      1661
        28      1661      1705
         3      1705      1748
         8      1748      1767
        46      1767      1777
        76      1777      1827
        38      1827      1856
        43      1856      1886
        57      1886      1902
        87      1902      1944
        25      1944      1952
        30      1952      1987
        33      1987      2012
         6      2012      2040
        52      2040      2074
        12      2074      2102
        17      2102      2109
        35      2109      2150
        40      2150      2162
        65      2162      2180
        14      2180      2208
        21      2208      2225
        55      2225      2246
        23      2246      2294
        59      2294      2304
        88      2304      2329
        97      2329      2355
       100      2355      2384
        62      2384      2388
         1      2388      2425
        15      2425      2428
        81      2428      2437
        94      2437      2458
        61      2458      2459
        71      2459      2472
        91      2472      2478
        16      2478      2509
        73      2509      2531
        77      2531      2557
         7      2557      2571
        72      2571      2589
        82      2589      2612
        58      2612      2638
        66      2638      2652
Average Wait Time=1332.199951
TurnAround Time=1358.579956
Throughput=0.037707
