PROCESS ID	ARRIVAL TIME	END TIME
        29         0         1
        66         1         8
        62         8        12
        78        12        15
        66        15        22
        65        22        40
        92        40        42
        61        42        43
        92        43        48
        39        48        53
         7        53        67
        34        67        72
        68        72        76
        47        76        90
        25        90        98
        41        98        99
        64        99       105
        10       105       110
        41       110       118
        67       118       119
        91       119       125
        15       125       128
        44       128       137
        81       137       138
         5       138       140
        81       140       148
        46       148       149
        17       149       156
        46       156       165
        59       165       175
        40       175       187
        71       187       200
        86       200       215
        57       215       231
        80       231       247
        21       247       264
        72       264       282
         8       282       301
        32       301       320
        45       320       339
        31       339       359
        55       359       380
        94       380       401
        73       401       423
        82       423       446
        29       446       471
        33       471       496
        36       496       521
        37       521       546
        88       546       571
        19       571       597
        58       597       623
        77       623       649
        97       649       675
        84       675       702
        99       702       729
         6       729       757
        12       757       785
        14       785       813
        49       813       841
        38       841       870
        53       870       899
        95       899       928
       100       928       957
        43       957       987
        89       987      1017
        16      1017      1048
        90      1048      1079
        20      1079      1112
        74      1112      1145
        50      1145      1179
        52      1179      1213
        30      1213      1248
        56      1248      1283
        26      1283      1319
        98      1319      1355
         1      1355      1392
        22      1392      1429
        70      1429      1466
        48      1466      1504
        93      1504      1542
        83      1542      1581
        13      1581      1621
        18      1621      1661
         9      1661      1702
        27      1702      1743
        35      1743      1784
         2      1784      1826
        87      1826      1868
        96      1868      1910
         3      1910      1953
        42      1953      1996
        79      1996      2039
        28      2039      2083
        75      2083      2127
        11      2127      2172
        85      2172      2217
        63      2217      2263
        24      2263      2310
        23      2310      2358
        60      2358      2406
        69      2406      2454
         4      2454      2503
        51      2503      2552
        54      2552      2602
        76      2602      2652
Average Wait Time=840.190002
TurnAround Time=866.710022
Throughput=0.037707
